Position: -52.96250915527344, -1112.5777587890625, 25.76108741760254 | Rotation: 0.04842924699187279, -0.0021041561849415302, 101.38636779785156 | InCar - Vozilo
Position: -52.334510803222656, -1116.6510009765625, 26.43443489074707 | Heading: 35.38055419921875 | OnFoot - Igrac
Position: -60.67319869995117, -1113.675537109375, 26.435823440551758 | Heading: -85.47342681884766 | OnFoot - Kamera
